1006
1007
1008
1009
1010
1012
1016
1019
1020
1021
1022
1024
1025
1027
1029
1032
1040
1046
1053133
1053197
1063
1066
1085
1117264
1117267
1135
1136
1203
1214
1216
1217
1229
1230
1235
1236
1239
1240
1242
1246
1251
1273
1274
1276
1285
1296
1304
1321
1325
1326
1359
1362
1377
1381
1385
1415
1416
1422
1423
1424
1430
1439
1441
1443
1446
1448
1481
1486
1496
1497
1499
1509
1510
1511
1515
1527
1529
1530
1531
1532
1533
1554
1556
1656
1662
1663
1672
1700
1706
1789
1800
1813
1814
1822
1825
1832
1845
1861
1875
1885
1899
1906
1910
1918
1947
1950
1962
1974
1979
1987
1992
2016
2023
2025
2029
2052
2057
2066
2071
2094
2097
2098
2099
2129
2130
2156
2174
2177
2205
2216
2221
2227
2234
2235
2237
2239
2247
2280
2300
2314
2315
2380
2417
2435
2445
2462
2472
2520
2521
2524
2540
2544
2550
2553
2557
2563
2599
2606
2629
2642
2648
2650
2661
2690
2716
2717
2732
2751
2796
2797
2805
2806
2825
368
373
374
422
429
434962
434973
434989
435003
435005
435022
435030
436
440
441
449
449728
449739
449763
449768
453
460
463
463075
463079
463082
463104
463111
463115
463141
463165
463187
463190
463193
463195
463210
463212
465
485
485270
485272
485273
485275
485317
485344
485346
485347
485358
488
488839
488847
488862
488895
488896
488899
488922
488965
488975
488977
489030
489031
492953
492956
492972
493008
493011
493012
493036
493056
493084
493087
493091
493098
493131
493160
493187
493244
501
504326
504357
504406
504408
504411
504414
504423
504441
504454
504462
504490
504523
504558
504577
504582
504621
504634
504651
504652
504660
504690
504692
504700
504707
504720
504734
504766
504775
504803
504810
504812
504884
522
524
525
527
528
529
538
539
540267
540275
540277
540295
540308
540336
540364
555
556
559
560
561
565
567
570
571
573
574
577
581
588334
588335
588352
588354
588358
588391
588405
588413
588436
588458
588473
588475
588489
588492
588493
588497
588499
588501
588511
588549
588621
588627
588664
588674
588675
588676
588692
588726
588814
588819
588850
588852
598
602
602123
602141
602162
602163
602229
602244
602247
602248
602250
602252
602261
602274
602281
602329
602340
602342
602346
602363
602393
602396
602399
602405
602410
602429
602438
602440
602449
602481
604
612
614
615
619
623870
623877
623901
624037
624038
624040
624125
624126
624127
624151
624168
624169
624204
624255
624256
624267
624268
624304
624352
624354
624377
624414
624415
624416
624466
624467
624483
626
628
629
630
631
633
639
640
641
645
648
651550
651560
651572
651582
651602
651610
651636
651640
651647
651654
651658
651661
651687
651699
651702
651704
651710
651711
651718
651719
651723
651724
651725
651800
651819
651821
651957
651958
651999
652010
652017
652039
652048
652051
652054
652067
652115
652126
652154
652162
652163
652197
652257
680
684
685
686940
686954
686964
686992
686996
687
687014
687016
688
693
697
701
704
707
708
709
710
717
719
720
720508
720509
720511
720543
720574
720582
720596
720647
720648
720700
720702
720704
720706
727
729
731
736
738
739
740
743093
743126
743238
743247
743269
743279
743287
743397
743398
743445
745
746
750
751
757
758
759
760
761
764
775
777
778
781
782
784
793
795
796
797
798
799
800
802
803
804
808
813
818
819
827
828
834
836
841
847
853
861
862
868
871
873
878
898
920
932
940
950
951
952
